# kobaton2_pos_Ź┼ôKë╗.txt éęéšĽ¤ŐĚ (HEXüĘ10ÉiÉö)
# 8188 points, Position 20bit
1048575
1044260
1045698
1047137
1041383
1039945
1042822
1044260
1045698
1047137
1048575
1038506
1034191
1031315
1028438
1029876
1032753
1035630
1037068
1038506
1039945
1041383
1042822
1037068
1035630
1032753
1029876
1026999
1028438
1031315
1034191
1026999
1029876
1032753
1035630
1037068
1034191
1031315
1028438
1038506
1039945
1041383
1042822
1044260
1045698
1047137
1048575
1041383
1039945
1042822
1044260
1045698
1047137
1048575
1038506
1034191
1031315
1028438
1029876
1032753
1035630
1037068
1035630
1037068
1032753
1029876
1026999
1028438
1031315
1034191
1038506
1039945
1041383
1042822
1044260
1045698
1047137
1041383
1039945
1042822
1044260
1038506
1034191
1031315
1028438
1026999
1029876
1032753
1035630
1037068
1025561
1024123
1025561
1026999
1028438
1031315
1034191
1032753
1029876
1035630
1037068
1039945
1041383
1042822
1038506
1035630
1037068
1032753
1029876
1026999
1028438
1031315
1034191
1038506
1039945
1035630
1037068
1032753
1029876
1026999
1028438
1031315
1034191
1024123
1021246
1018369
1015492
1016931
1019808
1022684
1021246
1024123
1018369
1025561
1022684
1021246
1024123
1025561
1022684
1019808
1016931
1015492
1018369
1021246
1024123
1022684
1019808
1016931
1015492
1018369
1021246
1024123
1022684
1019808
1016931
1015492
1018369
1012616
1011177
1009739
1006862
1002547
1003985
1005424
1008301
1014054
1006862
1002547
1001109
999670
998232
996794
992478
989602
985287
986725
988163
991040
993917
995355
999670
1001109
998232
996794
992478
989602
985287
986725
988163
991040
993917
995355
1002547
1005424
1008301
1009739
1011177
1003985
993917
991040
995355
996794
998232
999670
1001109
1005424
1008301
1009739
1011177
1012616
1014054
1006862
1002547
1003985
1008301
1009739
1011177
1012616
1014054
1025561
1026999
1028438
1026999
1029876
1032753
1031315
1025561
1014054
983848
982410
980971
979533
978095
976656
975218
973780
972341
970903
968026
963711
966588
969464
973780
972341
970903
968026
965149
962273
959396
956519
953642
952204
947889
949327
950766
952204
956519
953642
955081
957957
960834
963711
968026
965149
962273
959396
957957
955081
960834
963711
966588
969464
973780
975218
976656
978095
979533
980971
982410
986725
985287
983848
982410
980971
979533
978095
976656
975218
989602
992478
972341
950766
949327
947889
946450
945012
943574
942135
936382
933505
929190
927752
924875
921998
920560
917683
919121
923436
926313
929190
927752
924875
921998
920560
917683
919121
923436
926313
930628
932067
936382
934943
937820
939259
940697
947889
946450
945012
943574
942135
940697
939259
937820
934943
936382
932067
930628
933505
952204
916245
913368
914806
911929
910491
909053
907614
906176
903299
900422
901861
904738
909053
910491
911929
914806
916245
913368
907614
906176
903299
898984
897546
896107
894669
900422
901861
904738
896107
894669
893231
891792
890354
888915
887477
886039
884600
881724
883162
878847
875970
873093
871655
870217
867340
864463
865901
868778
873093
874532
877408
880285
875970
878847
877408
881724
883162
871655
870217
867340
864463
863025
860148
858710
861586
857271
854394
852956
851518
850079
848641
847203
852956
854394
857271
855833
845764
844326
842887
841449
840011
835696
834257
837134
838572
832819
828504
827065
819873
814120
808366
809805
812682
811243
806928
805490
804051
802613
801175
796859
798298
799736
795421
793983
791106
789668
788229
786791
785352
783914
782476
778161
775284
770969
768092
765215
766654
769530
763777
760900
759462
758023
756585
755147
752270
749393
747955
750831
753708
746516
743640
742201
740763
737886
736448
735009
733571
730694
729256
726379
724941
722064
720626
717749
716310
711995
709119
707680
710557
713434
716310
717749
720626
722064
724941
726379
729256
732133
727817
723502
719187
714872
711995
709119
707680
710557
713434
714872
719187
706242
704803
703365
700488
696173
694735
693297
691858
687543
690420
688981
686105
683228
680351
677474
681790
684666
687543
691858
690420
688981
686105
683228
680351
676036
677474
673159
671721
668844
667406
665967
663091
661652
664529
658776
655899
653022
651584
654460
657337
660214
664529
661652
663091
665967
667406
668844
671721
673159
670283
677474
676036
680351
678913
674598
670283
681790
684666
687543
693297
694735
696173
697612
699050
703365
700488
704803
706242
701927
699050
697612
696173
694735
693297
678913
674598
665967
663091
661652
664529
667406
668844
670283
665967
663091
661652
664529
667406
668844
671721
670283
665967
663091
661652
664529
667406
668844
671721
673159
670283
665967
663091
661652
664529
667406
668844
671721
673159
670283
665967
663091
661652
664529
667406
668844
671721
673159
670283
665967
663091
661652
664529
667406
668844
671721
670283
665967
663091
661652
664529
667406
668844
665967
663091
661652
664529
667406
658776
655899
653022
651584
654460
657337
660214
650145
648707
653022
655899
658776
660214
657337
654460
651584
650145
653022
655899
658776
660214
657337
654460
651584
653022
655899
658776
660214
657337
654460
651584
653022
655899
658776
660214
657337
654460
651584
653022
655899
658776
660214
657337
654460
651584
650145
653022
655899
658776
660214
657337
654460
651584
648707
650145
653022
655899
658776
660214
657337
654460
651584
647269
645830
644392
648707
650145
645830
647269
648707
650145
653022
655899
658776
660214
657337
654460
651584
647269
645830
641515
642953
644392
648707
650145
653022
655899
658776
660214
657337
654460
651584
647269
645830
641515
642953
644392
648707
650145
653022
651584
647269
645830
641515
642953
644392
648707
640077
638638
637200
632885
631446
634323
635762
630008
627131
624255
625693
628570
621378
619939
618501
617063
615624
614186
612748
611309
609871
608432
604117
599802
602679
605556
609871
611309
612748
614186
615624
617063
618501
619939
621378
624255
625693
628570
630008
627131
631446
632885
634323
635762
637200
638638
640077
635762
634323
631446
632885
637200
638638
640077
622816
622816
621378
619939
624255
625693
628570
630008
627131
635762
634323
631446
632885
637200
638638
640077
641515
663091
665967
667406
664529
661652
644392
642953
640077
638638
637200
641515
609871
605556
602679
599802
596925
594049
591172
588295
583980
585418
589734
586857
591172
594049
596925
599802
601241
604117
598364
595487
592610
588295
583980
582542
581103
579665
578227
576788
573911
575350
576788
578227
579665
581103
582542
583980
588295
591172
586857
589734
592610
595487
598364
585418
572473
571035
569596
568158
565281
566720
568158
569596
571035
572473
573911
578227
576788
575350
573911
562404
558089
560966
559528
555213
552336
556651
558089
553774
550897
548021
543706
542267
540829
539390
537952
536514
532199
533637
530760
535075
536514
537952
539390
540829
542267
546582
549459
545144
543706
536514
535075
533637
530760
529322
527883
526445
523568
522130
520692
517815
516376
513500
510623
509185
504869
503431
506308
507746
512061
514938
519253
514938
512061
507746
506308
503431
501993
500554
499116
497678
496239
494801
493362
491924
490486
489047
487609
486171
481855
483294
484732
486171
487609
489047
490486
491924
483294
481855
480417
476102
474664
471787
470348
467472
463157
460280
457403
461718
464595
467472
470348
473225
477540
478979
474664
476102
471787
468910
466033
473225
477540
478979
480417
484732
493362
494801
496239
497678
499116
500554
501993
504869
509185
510623
525007
526445
523568
522130
520692
517815
516376
513500
519253
527883
529322
532199
525007
543706
548021
550897
553774
558089
556651
560966
563843
559528
555213
552336
549459
546582
545144
562404
566720
565281
560966
563843
568158
606994
608432
604117
601241
598364
595487
606994
711995
714872
716310
717749
720626
722064
724941
726379
729256
730694
727817
723502
719187
713434
709119
711995
710557
707680
714872
716310
717749
720626
722064
724941
726379
723502
719187
713434
709119
711995
710557
707680
706242
704803
709119
711995
710557
707680
706242
703365
701927
704803
709119
711995
710557
707680
706242
703365
701927
700488
704803
709119
711995
710557
707680
706242
703365
701927
700488
699050
704803
709119
711995
710557
707680
706242
703365
701927
700488
699050
697612
704803
709119
711995
710557
707680
706242
703365
701927
700488
699050
696173
697612
704803
709119
711995
710557
707680
706242
703365
701927
700488
699050
696173
697612
704803
709119
711995
710557
707680
706242
703365
701927
700488
699050
696173
697612
694735
704803
709119
711995
710557
707680
706242
703365
701927
700488
699050
696173
697612
694735
704803
709119
711995
710557
707680
706242
703365
701927
700488
699050
696173
697612
694735
704803
709119
711995
710557
707680
706242
703365
701927
700488
699050
696173
697612
694735
704803
709119
711995
710557
707680
706242
703365
701927
700488
699050
696173
697612
694735
704803
709119
711995
710557
707680
706242
703365
701927
700488
699050
696173
697612
704803
709119
711995
710557
707680
706242
703365
701927
700488
699050
697612
704803
709119
711995
710557
707680
706242
703365
701927
704803
709119
711995
714872
717749
719187
720626
722064
723502
724941
727817
726379
729256
732133
733571
735009
736448
737886
745078
747955
749393
750831
752270
756585
758023
759462
760900
763777
766654
765215
762338
768092
769530
770969
773845
778161
781037
785352
782476
779599
776722
773845
772407
775284
766654
765215
762338
760900
763777
759462
758023
756585
755147
752270
750831
749393
747955
745078
743640
742201
740763
739324
737886
736448
735009
732133
733571
729256
727817
726379
720626
719187
717749
716310
713434
714872
717749
716310
713434
714872
713434
714872
713434
714872
713434
713434
713434
714872
713434
714872
713434
716310
714872
713434
716310
714872
713434
716310
717749
714872
719187
717749
716310
714872
713434
719187
717749
716310
714872
713434
720626
722064
723502
719187
717749
716310
714872
713434
720626
722064
724941
740763
742201
743640
745078
747955
749393
750831
752270
755147
756585
758023
759462
760900
762338
763777
766654
768092
765215
760900
759462
758023
756585
753708
755147
752270
750831
749393
747955
745078
743640
742201
740763
739324
737886
736448
735009
733571
730694
727817
723502
726379
724941
722064
720626
717749
716310
719187
723502
727817
730694
729256
733571
735009
736448
737886
739324
732133
732133
746516
746516
753708
765215
768092
766654
763777
769530
770969
772407
773845
778161
779599
781037
776722
775284
770969
769530
772407
773845
762338
776722
775284
773845
778161
779599
781037
782476
783914
785352
786791
788229
789668
791106
792544
795421
799736
796859
793983
791106
789668
788229
786791
785352
783914
782476
781037
786791
788229
789668
791106
793983
796859
801175
802613
798298
795421
799736
804051
805490
806928
808366
809805
811243
814120
812682
816997
815558
818435
814120
811243
809805
808366
806928
805490
804051
799736
798298
795421
792544
801175
802613
808366
809805
811243
814120
812682
816997
815558
818435
819873
821312
824189
822750
825627
828504
827065
819873
816997
818435
821312
824189
827065
828504
825627
832819
834257
835696
837134
840011
841449
838572
831380
842887
844326
845764
847203
848641
850079
855833
858710
860148
863025
864463
867340
870217
871655
875970
873093
880285
884600
886039
890354
891792
893231
894669
896107
897546
898984
901861
904738
906176
907614
909053
910491
911929
914806
916245
913368
903299
900422
897546
883162
881724
878847
877408
874532
868778
865901
861586
857271
854394
852956
851518
831380
829942
814120
818435
815558
816997
812682
819873
821312
822750
818435
815558
816997
812682
814120
811243
809805
808366
805490
802613
801175
819873
821312
822750
825627
824189
818435
815558
816997
812682
814120
815558
816997
818435
821312
822750
819873
824189
825627
828504
831380
832819
829942
827065
827065
829942
828504
825627
824189
822750
821312
819873
818435
824189
825627
828504
831380
832819
835696
837134
838572
841449
842887
844326
848641
850079
854394
857271
852956
851518
847203
845764
844326
842887
838572
837134
834257
832819
831380
835696
840011
834257
829942
827065
822750
821312
819873
818435
824189
825627
828504
831380
832819
835696
837134
834257
829942
827065
822750
821312
819873
816997
818435
824189
825627
828504
831380
832819
835696
837134
838572
840011
841449
842887
844326
850079
848641
847203
845764
851518
852956
854394
857271
860148
863025
864463
865901
868778
870217
871655
873093
875970
880285
881724
884600
886039
890354
891792
888915
887477
883162
877408
874532
867340
861586
855833
858710
861586
864463
865901
868778
870217
871655
873093
875970
878847
883162
881724
880285
877408
878847
883162
886039
884600
887477
888915
887477
884600
886039
883162
878847
875970
874532
877408
880285
881724
881724
880285
877408
874532
873093
871655
870217
868778
865901
864463
861586
867340
863025
874532
877408
867340
878847
893231
896107
894669
901861
904738
906176
907614
903299
900422
897546
896107
893231
898984
901861
904738
906176
909053
910491
911929
913368
916245
914806
911929
910491
913368
916245
914806
919121
917683
920560
921998
923436
926313
927752
929190
924875
923436
921998
920560
919121
917683
919121
920560
921998
923436
926313
927752
929190
924875
930628
929190
927752
924875
920560
919121
921998
923436
926313
924875
927752
926313
921998
923436
920560
919121
917683
916245
917683
919121
920560
916245
913368
911929
909053
907614
914806
910491
909053
907614
906176
904738
903299
900422
894669
891792
890354
888915
887477
886039
883162
884600
878847
875970
873093
871655
870217
868778
867340
863025
860148
857271
854394
852956
851518
847203
845764
840011
841449
842887
844326
848641
850079
855833
858710
861586
864463
865901
874532
880285
881724
893231
894669
896107
897546
898984
901861
911929
940697
945012
947889
952204
955081
957957
960834
962273
963711
965149
960834
957957
955081
952204
949327
946450
942135
943574
939259
937820
936382
933505
930628
932067
934943
929190
924875
921998
923436
926313
927752
930628
933505
936382
937820
939259
934943
932067
929190
924875
921998
920560
919121
917683
913368
914806
916245
910491
909053
906176
904738
907614
911929
914806
913368
917683
919121
920560
916245
910491
909053
906176
904738
907614
901861
898984
897546
896107
891792
890354
888915
887477
886039
883162
884600
878847
875970
873093
871655
870217
868778
867340
863025
860148
858710
855833
854394
857271
852956
851518
847203
845764
848641
850079
851518
852956
854394
857271
848641
847203
845764
844326
842887
841449
840011
835696
837134
838572
834257
831380
832819
835696
840011
841449
842887
827065
825627
822750
824189
821312
818435
819873
822750
824189
821312
816997
815558
814120
812682
809805
811243
806928
804051
802613
799736
801175
798298
793983
795421
791106
789668
788229
786791
785352
783914
782476
778161
773845
772407
768092
765215
762338
760900
759462
758023
756585
753708
750831
749393
752270
755147
747955
746516
743640
745078
747955
749393
750831
752270
755147
756585
758023
759462
760900
763777
766654
769530
770969
775284
776722
779599
781037
778161
782476
783914
779599
776722
775284
770969
769530
766654
763777
760900
759462
758023
756585
753708
750831
749393
752270
755147
762338
765215
768092
772407
773845
772407
768092
765215
762338
753708
746516
743640
742201
740763
739324
737886
736448
735009
733571
732133
729256
727817
726379
724941
723502
720626
719187
717749
716310
713434
709119
711995
710557
707680
706242
703365
701927
704803
700488
697612
696173
693297
691858
699050
700488
701927
703365
704803
707680
706242
710557
699050
696173
697612
694735
690420
688981
687543
683228
684666
686105
687543
688981
690420
691858
694735
700488
693297
691858
680351
677474
674598
678913
676036
673159
671721
670283
665967
667406
664529
668844
661652
657337
658776
663091
664529
667406
665967
670283
671721
674598
673159
676036
678913
683228
681790
680351
677474
674598
668844
661652
660214
655899
654460
651584
653022
648707
650145
647269
651584
653022
654460
655899
660214
661652
664529
663091
658776
657337
668844
657337
658776
653022
651584
650145
647269
648707
645830
644392
641515
640077
638638
635762
634323
632885
630008
628570
627131
631446
637200
642953
647269
650145
645830
644392
641515
640077
638638
635762
634323
632885
630008
628570
625693
624255
622816
627131
631446
637200
642953
635762
634323
632885
630008
628570
625693
624255
621378
619939
618501
617063
615624
614186
612748
611309
609871
608432
606994
605556
604117
602679
601241
599802
598364
596925
592610
594049
589734
586857
591172
595487
596925
598364
599802
601241
595487
596925
592610
588295
585418
581103
576788
573911
571035
572473
575350
579665
583980
586857
589734
594049
592610
588295
585418
581103
582542
582542
578227
579665
575350
572473
568158
565281
562404
559528
556651
553774
549459
550897
552336
555213
558089
560966
563843
566720
569596
573911
576788
578227
582542
583980
586857
589734
591172
569596
566720
563843
571035
572473
568158
565281
562404
559528
556651
553774
549459
548021
546582
545144
542267
540829
539390
537952
536514
533637
530760
529322
527883
526445
523568
525007
522130
520692
519253
514938
516376
517815
513500
512061
507746
506308
510623
509185
504869
503431
501993
500554
499116
497678
496239
494801
493362
486171
487609
489047
490486
491924
493362
494801
496239
497678
499116
500554
501993
503431
504869
509185
510623
507746
506308
512061
513500
516376
517815
514938
519253
520692
522130
525007
526445
523568
525007
522130
520692
519253
514938
516376
517815
513500
512061
507746
506308
510623
509185
504869
503431
501993
507746
506308
510623
509185
504869
503431
501993
507746
506308
510623
509185
504869
503431
501993
507746
506308
510623
509185
504869
507746
506308
510623
509185
512061
513500
516376
517815
514938
519253
520692
522130
525007
529322
526445
523568
519253
520692
522130
525007
529322
533637
532199
530760
527883
526445
523568
519253
520692
522130
525007
529322
533637
532199
530760
527883
526445
523568
519253
520692
522130
525007
529322
533637
535075
536514
537952
539390
540829
543706
546582
542267
545144
540829
539390
537952
536514
535075
535075
530760
527883
517815
516376
513500
512061
514938
510623
514938
516376
517815
523568
526445
527883
530760
532199
529322
533637
535075
536514
537952
539390
540829
543706
546582
549459
552336
556651
555213
559528
558089
562404
560966
556651
555213
559528
563843
565281
566720
571035
569596
568158
566720
565281
563843
559528
555213
556651
560966
562404
558089
553774
550897
548021
545144
543706
546582
549459
552336
553774
550897
548021
545144
542267
537952
532199
542267
545144
548021
550897
553774
549459
552336
558089
562404
560966
565281
566720
568158
569596
571035
572473
573911
575350
581103
579665
578227
576788
575350
573911
572473
571035
569596
575350
576788
578227
579665
581103
582542
583980
585418
588295
591172
594049
598364
595487
592610
589734
586857
585418
583980
582542
581103
579665
573911
588295
591172
594049
596925
599802
602679
604117
601241
605556
606994
602679
599802
596925
594049
601241
604117
608432
609871
611309
612748
614186
615624
617063
618501
619939
622816
624255
625693
631446
632885
634323
635762
630008
628570
627131
621378
619939
618501
617063
615624
614186
612748
611309
609871
608432
606994
605556
602679
595487
592610
589734
586857
598364
621378
622816
624255
625693
631446
632885
634323
635762
640077
638638
641515
644392
645830
647269
650145
654460
655899
660214
663091
665967
670283
671721
673159
676036
678913
681790
686105
684666
687543
688981
690420
694735
699050
696173
697612
693297
691858
694735
690420
688981
687543
684666
680351
677474
674598
668844
667406
665967
670283
671721
674598
677474
680351
683228
681790
678913
676036
673159
668844
667406
664529
663091
660214
661652
658776
657337
653022
651584
648707
645830
644392
641515
638638
640077
637200
642953
647269
650145
654460
655899
651584
648707
657337
658776
661652
683228
686105
700488
701927
703365
704803
706242
707680
710557
716310
713434
711995
709119
710557
707680
706242
703365
701927
704803
709119
711995
713434
716310
719187
720626
723502
724941
726379
727817
729256
730694
735009
736448
737886
739324
740763
742201
743640
747955
749393
750831
753708
752270
756585
755147
758023
762338
765215
768092
770969
772407
775284
779599
776722
781037
782476
783914
779599
776722
772407
773845
778161
782476
783914
779599
776722
781037
782476
783914
779599
776722
781037
782476
778161
773845
772407
766654
765215
768092
769530
770969
773845
772407
766654
763777
775284
778161
785352
786791
788229
789668
791106
793983
795421
792544
796859
798298
802613
804051
805490
808366
809805
811243
814120
816997
815558
819873
822750
824189
821312
818435
819873
816997
815558
812682
806928
801175
799736
798298
796859
792544
791106
789668
788229
786791
785352
793983
795421
799736
801175
804051
802613
805490
808366
809805
811243
814120
821312
824189
822750
825627
827065
831380
832819
834257
835696
838572
837134
834257
832819
831380
827065
825627
822750
824189
821312
816997
815558
818435
819873
822750
824189
821312
816997
815558
814120
812682
806928
811243
809805
812682
814120
816997
815558
818435
819873
822750
824189
825627
827065
831380
832819
834257
840011
841449
842887
844326
845764
847203
848641
850079
844326
842887
841449
840011
835696
832819
831380
834257
837134
838572
835696
829942
828504
824189
822750
825627
827065
819873
818435
821312
811243
809805
812682
814120
816997
808366
806928
804051
802613
805490
808366
828504
829942
831380
832819
834257
837134
838572
835696
829942
828504
827065
825627
819873
818435
828504
829942
829942
828504
793983
792544
791106
789668
788229
786791
785352
781037
775284
773845
778161
785352
786791
788229
789668
791106
792544
793983
789668
788229
786791
785352
781037
782476
783914
778161
773845
769530
766654
763777
765215
762338
758023
756585
755147
759462
760900
768092
770969
772407
776722
779599
753708
750831
746516
745078
752270
746516
745078
742201
740763
739324
736448
737886
735009
730694
724941
723502
720626
719187
717749
714872
722064
726379
727817
729256
732133
733571
717749
699050
696173
697612
722064
769530
770969
775284
854394
857271
860148
861586
858710
863025
865901
868778
870217
871655
873093
867340
864463
855833
852956
851518
850079
848641
847203
852956
851518
855833
857271
860148
861586
858710
854394
850079
848641
845764
844326
842887
841449
838572
837134
840011
835696
829942
828504
832819
834257
837134
838572
841449
842887
844326
848641
850079
845764
847203
851518
852956
855833
857271
860148
858710
861586
864463
865901
863025
867340
864463
865901
868778
870217
871655
873093
875970
877408
874532
863025
861586
858710
860148
857271
854394
864463
867340
874532
854394
852956
851518
855833
850079
845764
844326
840011
835696
831380
827065
825627
828504
829942
832819
834257
837134
838572
831380
827065
825627
828504
829942
824189
822750
819873
818435
815558
814120
812682
811243
809805
806928
805490
801175
804051
802613
798298
796859
799736
801175
804051
802613
798298
793983
791106
789668
788229
786791
785352
783914
792544
795421
796859
799736
801175
804051
806928
805490
811243
808366
806928
805490
809805
812682
814120
815558
818435
816997
821312
811243
808366
816997
821312
822750
824189
819873
818435
815558
821312
847203
795421
792544
793983
791106
789668
788229
786791
785352
783914
782476
781037
779599
775284
776722
778161
779599
781037
782476
783914
785352
778161
776722
775284
773845
772407
768092
769530
770969
770969
769530
766654
763777
760900
759462
762338
765215
768092
772407
773845
775284
776722
781037
779599
770969
769530
766654
763777
786791
788229
789668
791106
795421
793983
798298
796859
792544
801175
799736
802613
808366
809805
812682
814120
816997
815558
819873
828504
829942
832819
831380
834257
827065
825627
808366
805490
805490
792544
796859
798298
861586
864463
865901
868778
870217
871655
873093
874532
877408
880285
881724
886039
887477
884600
883162
878847
875970
877408
888915
890354
891792
896107
897546
898984
901861
903299
900422
894669
893231
900422
903299
923436
926313
927752
932067
940697
942135
943574
947889
945012
940697
950766
953642
956519
959396
968026
966588
965149
963711
962273
959396
956519
953642
950766
946450
949327
955081
957957
960834
965149
966588
968026
969464
970903
972341
973780
975218
976656
978095
979533
980971
982410
985287
988163
986725
983848
979533
978095
976656
975218
973780
972341
970903
969464
980971
982410
985287
988163
986725
983848
989602
991040
992478
993917
995355
996794
998232
1001109
1003985
1005424
1002547
999670
998232
996794
995355
993917
992478
991040
989602
989602
986725
983848
982410
969464
988163
992478
993917
995355
996794
998232
1001109
1003985
1005424
1006862
1008301
1011177
1014054
1012616
1009739
1015492
1011177
1008301
1006862
1005424
1003985
1001109
1002547
999670
1009739
1012616
1014054
1015492
1021246
1022684
1024123
1026999
1028438
1025561
1024123
1022684
1021246
1018369
1016931
1019808
1014054
1012616
1015492
1021246
1022684
1024123
1025561
1028438
1031315
1034191
1032753
1029876
1026999
1015492
1012616
1014054
1016931
1018369
1019808
1011177
1008301
1006862
1005424
1009739
1011177
1018369
1016931
1019808
1026999
1029876
1032753
1035630
1037068
1034191
1031315
1028438
1025561
1024123
1022684
1021246
1019808
1026999
1029876
1032753
1035630
1037068
1034191
1031315
1028438
1025561
1024123
1022684
1026999
1029876
1032753
1035630
1037068
1034191
1031315
1028438
1025561
1038506
1039945
1041383
1042822
1044260
1045698
1047137
1044260
1042822
1041383
1039945
1038506
1038506
1039945
1019808
1018369
1016931
1002547
999670
838572
834257
831380
832819
829942
828504
835696
837134
838572
827065
825627
824189
822750
819873
818435
821312
816997
814120
812682
811243
809805
806928
808366
804051
802613
805490
806928
809805
812682
814120
811243
808366
804051
801175
802613
799736
805490
806928
809805
808366
804051
801175
798298
799736
802613
805490
806928
809805
808366
811243
809805
806928
805490
802613
799736
798298
796859
795421
793983
792544
796859
798298
799736
802613
801175
804051
808366
811243
812682
815558
816997
814120
809805
806928
805490
808366
811243
812682
815558
816997
819873
821312
822750
825627
824189
827065
822750
821312
819873
816997
815558
812682
811243
814120
818435
815558
816997
819873
821312
822750
827065
829942
828504
825627
824189
831380
832819
835696
837134
834257
834257
829942
827065
818435
814120
809805
806928
804051
818435
804051
801175
792544
791106
789668
788229
783914
785352
786791
782476
779599
776722
772407
775284
778161
781037
783914
788229
789668
791106
792544
796859
795421
793983
785352
786791
770969
769530
768092
753708
755147
753708
746516
730694
716310
713434
714872
655899
654460
642953
641515
640077
638638
637200
644392
645830
648707
686105
684666
683228
681790
714872
713434
716310
717749
719187
720626
723502
724941
726379
727817
729256
732133
733571
730694
722064
714872
711995
709119
722064
730694
739324
740763
742201
743640
746516
745078
747955
860148
863025
867340
829942
828504
818435
819873
815558
858710
860148
863025
864463
865901
868778
870217
871655
875970
880285
881724
884600
886039
888915
890354
891792
887477
883162
877408
874532
878847
873093
867340
861586
855833
873093
875970
880285
881724
884600
886039
878847
877408
874532
870217
868778
865901
871655
883162
887477
888915
890354
891792
886039
884600
881724
883162
887477
888915
890354
891792
894669
893231
886039
884600
880285
875970
878847
881724
883162
887477
888915
877408
874532
870217
868778
871655
867340
873093
893231
894669
896107
898984
901861
904738
906176
907614
909053
910491
913368
914806
917683
916245
919121
920560
921998
923436
924875
926313
930628
927752
926313
924875
923436
921998
920560
919121
917683
914806
911929
903299
900422
898984
897546
929190
932067
933505
930628
927752
926313
929190
932067
933505
930628
927752
929190
932067
933505
930628
934943
936382
939259
937820
933505
932067
930628
927752
929190
924875
926313
929190
927752
923436
921998
924875
926313
923436
919121
917683
920560
916245
913368
930628
932067
934943
937820
936382
934943
939259
937820
936382
934943
888915
887477
886039
884600
880285
890354
891792
893231
863025
860148
858710
855833
850079
848641
847203
841449
840011
835696
834257
837134
838572
832819
828504
827065
824189
825627
822750
821312
818435
816997
814120
819873
822750
815558
812682
811243
809805
808366
805490
806928
804051
802613
801175
796859
798298
793983
792544
782476
781037
778161
773845
772407
776722
779599
783914
785352
779599
776722
775284
770969
768092
765215
766654
769530
763777
760900
759462
758023
756585
753708
750831
749393
745078
743640
742201
740763
737886
736448
735009
733571
732133
739324
746516
745078
739324
723502
701927
762338
762338
792544
815558
829942
831380
829942
665967
663091
661652
664529
658776
655899
653022
651584
654460
657337
660214
650145
648707
647269
645830
642953
644392
648707
650145
647269
645830
642953
641515
640077
644392
648707
650145
647269
645830
642953
641515
640077
637200
635762
634323
632885
638638
641515
642953
640077
637200
635762
634323
632885
638638
641515
642953
640077
637200
635762
634323
632885
638638
644392
645830
647269
648707
644392
645830
647269
650145
648707
644392
653022
655899
651584
654460
657337
661652
658776
655899
653022
651584
654460
657337
660214
638638
654460
651584
631446
630008
628570
622816
625693
627131
624255
628570
630008
631446
621378
619939
618501
617063
615624
614186
612748
611309
608432
606994
605556
602679
601241
604117
608432
606994
605556
602679
599802
596925
594049
595487
598364
601241
604117
608432
606994
605556
602679
599802
596925
594049
591172
588295
586857
585418
589734
592610
595487
598364
601241
599802
596925
594049
591172
588295
586857
585418
583980
582542
581103
579665
575350
576788
578227
579665
581103
582542
583980
585418
586857
589734
592610
589734
592610
571035
569596
565281
566720
568158
569596
571035
572473
573911
578227
579665
576788
575350
573911
572473
562404
563843
559528
556651
560966
565281
566720
568158
569596
565281
560966
558089
553774
550897
548021
543706
545144
546582
549459
552336
555213
559528
563843
562404
558089
553774
550897
548021
552336
555213
542267
540829
539390
537952
532199
533637
530760
535075
536514
537952
539390
540829
542267
546582
549459
552336
555213
556651
545144
543706
548021
542267
540829
537952
536514
535075
533637
530760
529322
527883
526445
523568
522130
520692
517815
516376
513500
514938
512061
507746
506308
503431
501993
500554
499116
497678
496239
494801
490486
489047
487609
486171
481855
480417
476102
474664
471787
468910
466033
463157
460280
455965
457403
458841
461718
464595
467472
470348
473225
478979
477540
478979
480417
481855
483294
489047
490486
491924
497678
499116
500554
501993
503431
506308
507746
512061
514938
513500
516376
519253
523568
526445
525007
532199
529322
527883
525007
522130
520692
517815
510623
509185
504869
496239
494801
493362
491924
487609
486171
484732
483294
473225
470348
467472
471787
474664
476102
454526
451650
448773
444458
443019
441581
440143
437266
434389
435827
438704
440143
441581
443019
444458
445896
450211
453088
455965
451650
448773
447334
450211
453088
457403
455965
458841
454526
451650
448773
444458
443019
441581
440143
437266
435827
434389
432951
430074
431512
428636
425759
422882
420005
418567
417129
415690
414252
411375
409937
407060
405622
402745
398430
399868
401306
396991
395553
394115
392676
391238
389799
388361
386923
384046
382608
385484
386923
384046
381169
378292
375416
373977
371101
368224
365347
362470
359594
356717
355278
353840
352402
350963
346648
345210
342333
338018
339456
340895
336580
335141
343772
348087
346648
345210
342333
338018
339456
340895
343772
348087
346648
345210
350963
352402
353840
355278
358155
362470
359594
356717
361032
363909
366785
369662
372539
371101
368224
366785
363909
361032
365347
359594
356717
355278
353840
352402
350963
348087
349525
358155
362470
365347
369662
372539
375416
378292
381169
382608
384046
379731
376854
373977
371101
368224
366785
363909
361032
359594
356717
362470
365347
369662
372539
375416
378292
381169
382608
384046
386923
388361
389799
391238
392676
394115
395553
398430
399868
402745
404183
405622
401306
398430
395553
394115
392676
391238
389799
388361
385484
382608
384046
386923
388361
389799
391238
392676
394115
395553
398430
401306
404183
405622
408498
409937
407060
402745
399868
396991
399868
396991
402745
404183
405622
408498
409937
407060
411375
415690
417129
414252
412813
418567
420005
422882
425759
428636
431512
434389
435827
432951
430074
427197
424320
421444
418567
417129
415690
414252
412813
409937
408498
405622
404183
407060
402745
399868
396991
395553
394115
392676
391238
389799
388361
386923
384046
382608
381169
378292
375416
373977
371101
368224
365347
362470
359594
353840
350963
349525
346648
345210
343772
340895
338018
339456
332265
335141
336580
333703
330826
327949
325073
322196
319319
316442
313566
310689
307812
304935
302059
299182
296305
293428
290552
286237
281921
280483
279045
277606
276168
274730
273291
271853
270414
267538
264661
263223
266099
268976
268976
266099
261784
260346
258907
257469
254592
253154
256031
263223
264661
267538
270414
271853
273291
274730
276168
277606
279045
280483
283360
284798
287675
283360
281921
280483
284798
289113
291990
296305
293428
290552
286237
291990
294867
297744
300620
303497
306374
309251
312127
313566
316442
319319
322196
325073
327949
330826
333703
336580
335141
332265
329388
326511
323634
320758
317881
315004
310689
307812
304935
302059
299182
303497
315004
317881
323634
338018
339456
340895
343772
345210
346648
349525
350963
352402
353840
355278
358155
361032
363909
366785
369662
373977
371101
368224
365347
362470
359594
356717
358155
361032
363909
366785
369662
372539
376854
379731
375416
378292
381169
385484
385484
379731
384046
386923
389799
388361
391238
392676
398430
401306
411375
401306
398430
412813
424320
427197
437266
441581
443019
447334
445896
444458
443019
441581
440143
437266
438704
431512
428636
425759
422882
420005
411375
434389
435827
432951
438704
445896
447334
450211
454526
455965
457403
460280
463157
466033
468910
464595
461718
458841
454526
450211
448773
453088
451650
453088
448773
444458
458841
451650
396991
386923
384046
382608
381169
378292
375416
372539
373977
376854
379731
385484
379731
376854
371101
368224
385484
388361
389799
391238
396991
376854
373977
358155
355278
353840
352402
350963
356717
359594
362470
365347
368224
371101
373977
375416
378292
381169
382608
384046
386923
389799
391238
392676
394115
395553
396991
401306
399868
398430
402745
404183
405622
407060
408498
409937
411375
408498
407060
401306
399868
398430
402745
404183
405622
395553
394115
392676
386923
385484
388361
385484
388361
389799
391238
392676
394115
395553
396991
401306
399868
398430
402745
404183
396991
395553
394115
392676
391238
389799
388361
386923
384046
382608
385484
385484
388361
389799
391238
392676
394115
395553
396991
401306
404183
408498
411375
409937
407060
405622
402745
398430
399868
401306
404183
408498
412813
414252
415690
418567
417129
420005
422882
425759
428636
431512
434389
435827
432951
430074
427197
424320
421444
421444
438704
440143
444458
445896
450211
453088
457403
455965
448773
447334
445896
438704
437266
447334
445896
450211
453088
454526
451650
448773
444458
443019
441581
445896
450211
453088
457403
455965
460280
463157
466033
461718
447334
438704
454526
504869
509185
510623
519253
532199
609871
611309
612748
614186
615624
617063
618501
619939
621378
624255
625693
627131
622816
621378
619939
618501
617063
615624
614186
612748
611309
609871
624255
625693
627131
630008
631446
628570
634323
632885
635762
637200
622816
647269
355278
348087
342333
342333
289113
268976
266099
261784
260346
258907
257469
254592
253154
251716
250277
247400
248839
245962
244524
243085
247400
250277
251716
253154
256031
260346
261784
258907
257469
254592
248839
245962
244524
243085
247400
250277
251716
253154
256031
248839
245962
244524
243085
247400
250277
245962
244524
243085
240209
241647
238770
235893
237332
234455
231578
233017
230140
228702
225825
224386
222948
227263
231578
233017
235893
237332
234455
238770
241647
240209
237332
235893
233017
231578
234455
230140
228702
225825
224386
227263
230140
234455
237332
235893
238770
241647
240209
241647
256031
263223
264661
240209
241647
238770
220071
221510
227263
228702
230140
225825
224386
222948
220071
218633
221510
217195
215756
212879
211441
214318
210003
207126
204249
205688
202811
201372
199934
197057
192742
195619
194181
191304
189865
188427
181235
179797
182674
184112
185550
186989
188427
189865
191304
194181
195619
198496
201372
202811
207126
204249
205688
208564
210003
211441
212879
215756
214318
222948
225825
224386
220071
218633
221510
217195
215756
212879
214318
211441
217195
215756
212879
210003
208564
211441
214318
218633
220071
221510
217195
215756
212879
210003
208564
207126
204249
205688
211441
214318
218633
220071
221510
217195
215756
212879
210003
208564
207126
204249
205688
211441
214318
218633
220071
221510
217195
215756
212879
210003
208564
207126
204249
202811
205688
211441
214318
218633
220071
221510
217195
215756
212879
210003
208564
207126
204249
205688
202811
199934
201372
202811
204249
205688
207126
208564
210003
212879
215756
218633
220071
214318
211441
217195
215756
212879
210003
208564
207126
204249
205688
202811
199934
197057
198496
201372
202811
204249
205688
207126
208564
210003
212879
215756
217195
214318
211441
218633
214318
211441
217195
215756
212879
210003
208564
207126
204249
202811
205688
211441
214318
215756
212879
210003
208564
207126
204249
202811
205688
211441
214318
212879
210003
208564
207126
204249
202811
205688
211441
214318
212879
210003
208564
207126
204249
202811
205688
211441
212879
210003
208564
207126
204249
202811
205688
211441
212879
210003
208564
207126
204249
202811
205688
211441
212879
210003
208564
207126
204249
205688
202811
199934
197057
194181
191304
192742
195619
198496
201372
202811
204249
205688
207126
208564
210003
211441
208564
207126
204249
205688
202811
199934
197057
194181
191304
192742
195619
198496
201372
202811
204249
205688
207126
208564
210003
211441
212879
211441
210003
201372
198496
195619
192742
194181
197057
199934
191304
195619
198496
201372
199934
197057
194181
191304
192742
195619
198496
201372
199934
197057
194181
192742
195619
198496
201372
199934
197057
194181
192742
195619
198496
201372
199934
197057
194181
192742
195619
198496
201372
199934
197057
194181
195619
198496
201372
199934
197057
195619
198496
201372
199934
197057
198496
201372
199934
211441
214318
218633
220071
221510
217195
201372
222948
224386
225825
222948
224386
225825
222948
227263
224386
225825
222948
227263
228702
230140
231578
230140
228702
225825
224386
222948
227263
231578
233017
234455
230140
228702
227263
231578
233017
235893
237332
234455
238770
240209
220071
218633
221510
201372
199934
197057
192742
195619
194181
191304
189865
188427
186989
185550
184112
182674
181235
179797
178358
176920
172605
171167
174043
175482
169728
168290
163975
162536
161098
159660
158221
156783
155344
153906
152468
151029
149591
148153
146714
143837
140961
142399
145276
139522
136646
138084
135207
133769
132330
129454
128015
130892
132330
133769
136646
138084
135207
140961
143837
142399
139522
145276
149591
151029
152468
148153
146714
146714
148153
143837
140961
142399
139522
136646
138084
135207
129454
126577
128015
123700
122262
125139
126577
129454
128015
123700
122262
120823
117947
116508
119385
117947
116508
115070
112193
110755
113632
116508
117947
120823
123700
122262
119385
113632
116508
115070
112193
107878
109316
106440
105001
102125
103563
107878
109316
106440
105001
109316
113632
120823
123700
122262
119385
125139
126577
130892
128015
126577
129454
125139
130892
132330
133769
136646
138084
135207
140961
139522
135207
132330
130892
133769
145276
125139
139522
142399
145276
143837
140961
146714
148153
149591
151029
152468
153906
155344
156783
158221
159660
161098
162536
163975
165413
166851
169728
168290
171167
174043
172605
176920
178358
179797
181235
182674
184112
185550
186989
198496
202811
199934
201372
202811
198496
195619
194181
191304
192742
197057
175482
165413
166851
158221
156783
159660
155344
153906
152468
151029
149591
148153
146714
143837
142399
145276
156783
158221
159660
163975
165413
166851
169728
168290
171167
174043
172605
176920
178358
175482
174043
171167
168290
169728
166851
165413
163975
162536
158221
156783
159660
155344
153906
152468
151029
149591
156783
158221
159660
163975
162536
161098
155344
153906
152468
151029
156783
158221
159660
163975
162536
161098
165413
166851
169728
168290
171167
172605
179797
181235
182674
184112
192742
198496
175482
161098
155344
153906
152468
151029
149591
148153
146714
145276
162536
161098
155344
153906
152468
158221
156783
159660
163975
162536
161098
165413
166851
169728
168290
171167
174043
172605
175482
176920
172605
169728
168290
171167
174043
175482
178358
176920
172605
169728
168290
171167
174043
175482
178358
176920
172605
169728
168290
171167
174043
175482
178358
176920
172605
169728
168290
171167
174043
175482
178358
176920
172605
169728
168290
171167
174043
175482
178358
176920
172605
169728
168290
171167
174043
175482
178358
176920
172605
169728
168290
171167
174043
175482
172605
169728
168290
171167
174043
166851
165413
163975
162536
158221
159660
153906
155344
156783
161098
165413
166851
163975
162536
158221
159660
161098
165413
166851
163975
162536
158221
159660
161098
165413
166851
163975
162536
158221
159660
161098
165413
166851
163975
162536
158221
159660
161098
165413
166851
163975
162536
158221
156783
159660
161098
165413
166851
163975
162536
158221
156783
159660
161098
165413
166851
155344
179797
179797
179797
179797
161098
156783
155344
158221
159660
163975
162536
165413
166851
169728
168290
171167
172605
161098
156783
155344
158221
159660
163975
162536
165413
166851
161098
156783
155344
158221
159660
162536
153906
152468
151029
149591
148153
145276
143837
140961
142399
139522
138084
135207
133769
132330
136646
140961
143837
145276
148153
146714
142399
139522
138084
135207
133769
132330
136646
130892
129454
128015
125139
123700
122262
117947
116508
113632
112193
110755
109316
107878
105001
100686
99248
97809
96371
93494
90618
89179
87741
86302
84864
83426
81987
80549
74795
71919
76234
77672
79111
80549
81987
83426
84864
86302
77672
76234
74795
71919
69042
67604
66165
64727
61850
60412
57535
54658
53220
51781
48905
47466
50343
56097
58973
57535
54658
53220
51781
48905
47466
50343
56097
60412
61850
66165
67604
69042
63288
70480
73357
63288
58973
43151
40274
38836
35959
34521
33083
31644
30206
28767
27329
24452
23014
21576
20137
18699
25891
28767
27329
24452
23014
21576
20137
18699
17260
15822
11507
14384
12945
10069
15822
17260
18699
20137
21576
25891
28767
27329
24452
23014
21576
20137
18699
17260
15822
12945
14384
11507
8630
7192
10069
11507
8630
7192
10069
12945
14384
15822
17260
18699
20137
21576
23014
24452
27329
25891
30206
31644
24452
23014
27329
28767
25891
30206
31644
33083
34521
35959
38836
40274
37398
34521
33083
31644
30206
35959
38836
40274
44590
46028
43151
41713
37398
41713
43151
46028
44590
89179
90618
93494
96371
97809
99248
100686
102125
103563
106440
107878
110755
112193
113632
116508
117947
119385
120823
115070
122262
125139
123700
128015
129454
130892
126577
120823
119385
115070
126577
130892
136646
138084
139522
142399
140961
143837
145276
148153
149591
151029
152468
153906
146714
148153
149591
151029
152468
153906
146714
155344
156783
153906
106440
103563
102125
94933
92056
105001
24452
23014
21576
20137
18699
17260
15822
12945
14384
11507
8630
7192
10069
5753
7192
8630
11507
14384
12945
10069
15822
17260
18699
20137
21576
23014
14384
12945
10069
8630
7192
5753
11507
15822
17260
18699
20137
21576
14384
12945
10069
8630
7192
5753
11507
15822
17260
18699
20137
21576
14384
12945
10069
8630
7192
5753
11507
15822
17260
18699
20137
21576
14384
12945
10069
8630
7192
5753
11507
15822
17260
18699
20137
21576
14384
12945
10069
8630
7192
5753
11507
15822
17260
18699
20137
21576
14384
12945
10069
8630
7192
5753
11507
15822
17260
18699
20137
23014
21576
14384
12945
10069
8630
7192
5753
11507
15822
17260
18699
20137
23014
24452
25891
21576
14384
12945
10069
8630
7192
5753
11507
15822
17260
18699
20137
23014
24452
25891
21576
14384
12945
10069
8630
7192
5753
11507
15822
17260
18699
20137
23014
24452
25891
21576
14384
12945
10069
8630
7192
11507
15822
17260
18699
20137
23014
24452
25891
21576
14384
12945
11507
15822
17260
18699
20137
23014
24452
25891
21576
14384
15822
17260
18699
20137
23014
24452
25891
21576
27329
28767
30206
31644
33083
35959
37398
38836
40274
41713
43151
44590
47466
46028
48905
51781
50343
53220
47466
46028
48905
54658
51781
50343
53220
56097
58973
57535
60412
63288
64727
61850
58973
57535
56097
53220
50343
51781
54658
48905
46028
47466
44590
43151
38836
37398
35959
33083
34521
40274
41713
44590
43151
38836
37398
35959
33083
31644
30206
34521
40274
41713
38836
37398
35959
33083
31644
30206
27329
28767
25891
24452
23014
20137
21576
34521
34521
28767
27329
30206
31644
33083
35959
37398
34521
28767
27329
30206
31644
33083
28767
27329
30206
28767
27329
40274
41713
43151
44590
47466
48905
54658
60412
63288
64727
66165
67604
69042
71919
76234
77672
79111
73357
70480
74795
73357
70480
66165
64727
67604
69042
71919
76234
77672
79111
80549
81987
83426
84864
86302
90618
93494
94933
92056
87741
89179
86302
84864
83426
81987
74795
90618
93494
97809
99248
100686
102125
105001
103563
100686
99248
97809
96371
92056
87741
94933
110755
112193
115070
96371
61850
58973
57535
80549
79111
77672
76234
74795
71919
70480
73357
63288
60412
61850
64727
66165
67604
69042
70480
73357
77672
76234
74795
71919
67604
69042
66165
64727
61850
60412
58973
57535
54658
53220
51781
50343
46028
47466
48905
51781
53220
54658
57535
58973
60412
56097
53220
51781
48905
47466
44590
41713
43151
46028
50343
54658
48905
47466
44590
41713
43151
46028
40274
38836
37398
35959
34521
33083
30206
27329
25891
23014
24452
28767
30206
33083
35959
37398
34521
31644
28767
30206
33083
35959
34521
31644
28767
30206
33083
27329
25891
23014
20137
15822
11507
10069
12945
14384
17260
18699
21576
23014
20137
15822
11507
8630
10069
12945
14384
17260
18699
21576
23014
20137
15822
11507
8630
7192
5753
10069
12945
14384
17260
18699
21576
23014
20137
15822
11507
8630
7192
5753
10069
12945
14384
17260
18699
21576
23014
20137
15822
11507
8630
7192
5753
10069
12945
14384
17260
18699
21576
23014
20137
15822
11507
8630
7192
5753
10069
12945
14384
17260
18699
21576
20137
15822
11507
8630
7192
5753
10069
12945
14384
17260
18699
21576
20137
15822
11507
8630
7192
5753
10069
12945
14384
17260
18699
15822
11507
8630
7192
5753
10069
12945
14384
17260
18699
15822
11507
8630
7192
5753
10069
12945
14384
17260
18699
15822
11507
8630
7192
5753
10069
12945
14384
17260
18699
15822
11507
8630
7192
5753
10069
12945
14384
17260
18699
15822
11507
8630
7192
5753
10069
12945
14384
17260
18699
15822
11507
8630
7192
5753
10069
12945
14384
17260
18699
15822
11507
8630
7192
10069
12945
14384
17260
18699
15822
11507
12945
14384
17260
18699
15822
20137
21576
24452
23014
25891
27329
28767
30206
31644
34521
33083
37398
38836
41713
40274
43151
44590
48905
46028
47466
50343
51781
53220
57535
56097
58973
60412
63288
61850
57535
56097
58973
60412
63288
64727
66165
67604
69042
71919
73357
70480
74795
76234
77672
79111
80549
81987
83426
87741
89179
92056
96371
97809
99248
100686
102125
105001
110755
109316
107878
106440
103563
105001
102125
100686
99248
97809
96371
94933
92056
89179
87741
86302
90618
93494
83426
84864
81987
80549
79111
77672
69042
71919
67604
66165
64727
70480
73357
61850
54658
51781
50343
47466
46028
43151
40274
44590
48905
53220
54658
35959
35959
38836
37398
40274
41713
44590
34521
33083
31644
30206
27329
25891
28767
33083
34521
31644
30206
27329
25891
28767
23014
21576
20137
24452
27329
25891
23014
21576
20137
24452
25891
23014
21576
20137
24452
23014
21576
20137
20137
21576
21576
20137
20137
21576
24452
24452
25891
27329
28767
24452
25891
27329
30206
28767
24452
31644
21576
18699
17260
14384
12945
15822
18699
21576
23014
25891
27329
24452
20137
17260
20137
23014
25891
27329
21576
18699
24452
38836
40274
38836
43151
41713
31644
28767
24452
25891
27329
30206
33083
35959
37398
34521
31644
28767
31644
34521
35959
37398
40274
38836
43151
46028
44590
41713
50343
56097
63288
56097
79111
80549
81987
83426
84864
86302
87741
89179
92056
94933
96371
97809
99248
100686
102125
103563
106440
107878
109316
110755
105001
103563
106440
107878
109316
110755
112193
113632
117947
120823
119385
117947
116508
115070
113632
112193
110755
109316
107878
106440
103563
105001
102125
100686
99248
97809
96371
93494
90618
84864
86302
87741
89179
92056
94933
93494
90618
63288
40274
38836
113632
117947
119385
116508
115070
120823
126577
125139
128015
129454
130892
133769
132330
129454
128015
125139
122262
123700
122262
123700
126577
125139
128015
129454
130892
133769
135207
132330
138084
136646
142399
139522
136646
138084
140961
143837
145276
142399
139522
136646
138084
140961
143837
146714
149591
153906
155344
156783
158221
159660
161098
162536
163975
165413
166851
169728
171167
174043
172605
176920
178358
179797
181235
182674
184112
185550
186989
188427
189865
192742
194181
197057
199934
201372
198496
195619
191304
194181
192742
189865
188427
186989
185550
184112
182674
181235
179797
178358
176920
172605
171167
174043
168290
163975
162536
161098
159660
158221
156783
155344
153906
152468
151029
149591
146714
143837
140961
138084
139522
136646
142399
145276
148153
135207
133769
132330
129454
128015
125139
126577
132330
133769
135207
130892
123700
122262
119385
117947
116508
120823
130892
133769
135207
136646
139522
142399
145276
146714
143837
140961
138084
148153
149591
152468
151029
153906
155344
156783
158221
159660
161098
155344
153906
152468
151029
149591
146714
143837
140961
142399
145276
148153
145276
146714
149591
152468
151029
153906
155344
156783
158221
159660
162536
165413
166851
169728
171167
174043
172605
176920
178358
179797
181235
182674
184112
185550
186989
188427
189865
192742
194181
197057
201372
199934
204249
205688
207126
208564
210003
211441
215756
214318
212879
217195
218633
220071
217195
214318
212879
215756
218633
211441
210003
208564
207126
204249
202811
205688
199934
201372
198496
202811
202811
204249
205688
207126
208564
210003
211441
215756
214318
212879
217195
218633
220071
221510
222948
224386
222948
221510
220071
218633
215756
214318
212879
217195
222948
221510
220071
218633
215756
214318
212879
217195
222948
221510
220071
218633
215756
217195
222948
221510
220071
224386
225825
228702
230140
233017
234455
231578
235893
237332
238770
241647
243085
240209
244524
247400
248839
250277
253154
254592
251716
245962
247400
248839
244524
243085
241647
240209
238770
237332
235893
231578
233017
234455
230140
228702
225825
224386
227263
231578
233017
230140
228702
225825
224386
227263
228702
225825
224386
227263
211441
210003
208564
207126
204249
205688
202811
198496
195619
192742
194181
197057
199934
201372
198496
195619
191304
189865
188427
186989
185550
184112
178358
176920
172605
171167
169728
166851
165413
162536
158221
156783
155344
153906
152468
151029
149591
148153
161098
163975
159660
158221
156783
162536
165413
166851
169728
175482
168290
175482
168290
163975
161098
159660
161098
163975
168290
171167
172605
174043
169728
166851
165413
162536
158221
156783
155344
153906
152468
151029
152468
153906
155344
156783
158221
159660
162536
165413
166851
169728
171167
172605
174043
175482
168290
163975
161098
159660
163975
161098
155344
156783
158221
159660
162536
165413
166851
169728
171167
172605
174043
175482
176920
168290
163975
161098
156783
158221
159660
162536
165413
166851
169728
171167
172605
174043
175482
176920
178358
179797
178358
176920
175482
174043
172605
171167
169728
166851
165413
162536
158221
159660
161098
163975
168290
171167
172605
174043
175482
176920
178358
179797
178358
176920
175482
174043
172605
171167
169728
166851
165413
162536
158221
159660
161098
163975
168290
171167
172605
174043
175482
176920
178358
179797
168290
163975
161098
159660
158221
162536
165413
166851
169728
179797
168290
163975
161098
168290
227263
230140
233017
234455
231578
235893
237332
238770
241647
243085
244524
247400
248839
250277
253154
254592
256031
257469
258907
260346
261784
264661
268976
270414
271853
273291
274730
276168
277606
279045
280483
283360
286237
289113
291990
294867
297744
300620
303497
306374
309251
312127
315004
317881
320758
323634
326511
329388
330826
333703
336580
335141
338018
339456
340895
343772
345210
346648
349525
350963
352402
353840
356717
359594
362470
365347
368224
371101
375416
379731
384046
386923
388361
389799
391238
392676
394115
395553
399868
402745
404183
405622
408498
407060
409937
412813
414252
415690
417129
418567
421444
424320
427197
430074
432951
434389
435827
438704
440143
441581
443019
444458
445896
448773
451650
454526
458841
461718
466033
464595
460280
457403
455965
453088
450211
447334
443019
441581
440143
437266
430074
427197
424320
421444
418567
417129
415690
414252
412813
409937
408498
407060
402745
399868
395553
394115
396991
398430
401306
404183
405622
411375
420005
422882
425759
428636
431512
437266
435827
434389
431512
428636
425759
422882
420005
411375
401306
396991
398430
385484
382608
381169
376854
372539
369662
366785
363909
361032
358155
355278
349525
345210
343772
340895
336580
333703
330826
327949
325073
319319
315004
317881
320758
323634
326511
329388
332265
327949
325073
322196
319319
316442
313566
310689
307812
304935
302059
299182
296305
293428
290552
287675
284798
281921
277606
276168
274730
273291
271853
270414
268976
266099
263223
267538
260346
258907
257469
256031
251716
245962
263223
266099
267538
281921
284798
287675
291990
294867
297744
300620
303497
306374
309251
312127
310689
307812
304935
299182
296305
293428
289113
286237
335141
342333
346648
348087
355278
358155
361032
363909
366785
369662
372539
373977
378292
376854
381169
382608
385484
378292
373977
375416
371101
368224
365347
356717
352402
348087
342333
438704
445896
447334
450211
453088
457403
463157
467472
470348
468910
473225
474664
476102
481855
480417
478979
477540
476102
474664
473225
468910
464595
466033
470348
471787
467472
463157
458841
461718
455965
451650
454526
478979
480417
481855
483294
484732
486171
487609
489047
490486
491924
483294
477540
484732
504869
509185
510623
526445
529322
530760
527883
523568
532199
536514
537952
539390
540829
542267
543706
549459
548021
546582
545144
543706
550897
552336
555213
558089
560966
563843
535075
532199
535075
533637
523568
519253
520692
522130
517815
516376
513500
512061
514938
519253
520692
522130
517815
516376
513500
512061
514938
519253
520692
522130
523568
514938
516376
517815
513500
512061
519253
520692
522130
525007
526445
523568
527883
517815
516376
513500
512061
514938
523568
608432
606994
605556
604117
602679
601241
605556
606994
608432
609871
611309
612748
614186
615624
617063
618501
622816
625693
624255
621378
619939
618501
617063
615624
614186
612748
611309
609871
622816
627131
631446
628570
630008
627131
642953
637200
630008
628570
627131
621378
227263
235893
211441
210003
208564
207126
212879
214318
215756
217195
211441
210003
208564
207126
204249
202811
205688
199934
197057
198496
201372
195619
191304
175482
168290
148153
195619
198496
201372
199934
197057
194181
195619
198496
201372
199934
197057
194181
192742
195619
198496
201372
199934
197057
194181
191304
192742
195619
198496
201372
199934
197057
194181
191304
192742
202811
204249
205688
207126
208564
210003
211441
212879
212879
210003
208564
207126
204249
202811
205688
211441
214318
212879
210003
208564
207126
204249
202811
205688
211441
214318
212879
210003
208564
207126
204249
202811
205688
211441
215756
214318
212879
211441
169728
166851
165413
162536
158221
159660
161098
163975
168290
171167
172605
174043
175482
176920
169728
166851
165413
162536
158221
155344
153906
156783
161098
163975
159660
156783
158221
155344
152468
153906
151029
149591
148153
146714
145276
143837
142399
139522
146714
148153
149591
151029
152468
153906
155344
158221
159660
162536
165413
166851
168290
163975
161098
156783
159660
162536
165413
166851
169728
171167
172605
174043
175482
168290
163975
161098
156783
158221
155344
152468
153906
151029
149591
148153
146714
142399
140961
138084
135207
136646
139522
133769
130892
132330
128015
126577
123700
120823
122262
125139
129454
126577
128015
130892
132330
133769
136646
135207
138084
140961
142399
139522
143837
145276
149591
151029
148153
156783
159660
162536
145276
143837
132330
129454
115070
112193
119385
117947
116508
115070
113632
112193
110755
109316
107878
106440
113632
117947
119385
122262
120823
123700
125139
93494
90618
86302
94933
35959
37398
24452
21576
20137
23014
24452
349525
349525
358155
361032
363909
366785
369662
372539
376854
379731
379731
363909
361032
358155
355278
353840
352402
349525
348087
343772
340895
339456
