# kobaton2_pos_Ź┼ôKë╗.txt éęéšĽ¤ŐĚ (HEXüĘ10ÉiÉö)
# ÉŠô¬1000 pointsö▓Éł, Position 20bit
1048575
1044260
1045698
1047137
1041383
1039945
1042822
1044260
1045698
1047137
1048575
1038506
1034191
1031315
1028438
1029876
1032753
1035630
1037068
1038506
1039945
1041383
1042822
1037068
1035630
1032753
1029876
1026999
1028438
1031315
1034191
1026999
1029876
1032753
1035630
1037068
1034191
1031315
1028438
1038506
1039945
1041383
1042822
1044260
1045698
1047137
1048575
1041383
1039945
1042822
1044260
1045698
1047137
1048575
1038506
1034191
1031315
1028438
1029876
1032753
1035630
1037068
1035630
1037068
1032753
1029876
1026999
1028438
1031315
1034191
1038506
1039945
1041383
1042822
1044260
1045698
1047137
1041383
1039945
1042822
1044260
1038506
1034191
1031315
1028438
1026999
1029876
1032753
1035630
1037068
1025561
1024123
1025561
1026999
1028438
1031315
1034191
1032753
1029876
1035630
1037068
1039945
1041383
1042822
1038506
1035630
1037068
1032753
1029876
1026999
1028438
1031315
1034191
1038506
1039945
1035630
1037068
1032753
1029876
1026999
1028438
1031315
1034191
1024123
1021246
1018369
1015492
1016931
1019808
1022684
1021246
1024123
1018369
1025561
1022684
1021246
1024123
1025561
1022684
1019808
1016931
1015492
1018369
1021246
1024123
1022684
1019808
1016931
1015492
1018369
1021246
1024123
1022684
1019808
1016931
1015492
1018369
1012616
1011177
1009739
1006862
1002547
1003985
1005424
1008301
1014054
1006862
1002547
1001109
999670
998232
996794
992478
989602
985287
986725
988163
991040
993917
995355
999670
1001109
998232
996794
992478
989602
985287
986725
988163
991040
993917
995355
1002547
1005424
1008301
1009739
1011177
1003985
993917
991040
995355
996794
998232
999670
1001109
1005424
1008301
1009739
1011177
1012616
1014054
1006862
1002547
1003985
1008301
1009739
1011177
1012616
1014054
1025561
1026999
1028438
1026999
1029876
1032753
1031315
1025561
1014054
983848
982410
980971
979533
978095
976656
975218
973780
972341
970903
968026
963711
966588
969464
973780
972341
970903
968026
965149
962273
959396
956519
953642
952204
947889
949327
950766
952204
956519
953642
955081
957957
960834
963711
968026
965149
962273
959396
957957
955081
960834
963711
966588
969464
973780
975218
976656
978095
979533
980971
982410
986725
985287
983848
982410
980971
979533
978095
976656
975218
989602
992478
972341
950766
949327
947889
946450
945012
943574
942135
936382
933505
929190
927752
924875
921998
920560
917683
919121
923436
926313
929190
927752
924875
921998
920560
917683
919121
923436
926313
930628
932067
936382
934943
937820
939259
940697
947889
946450
945012
943574
942135
940697
939259
937820
934943
936382
932067
930628
933505
952204
916245
913368
914806
911929
910491
909053
907614
906176
903299
900422
901861
904738
909053
910491
911929
914806
916245
913368
907614
906176
903299
898984
897546
896107
894669
900422
901861
904738
896107
894669
893231
891792
890354
888915
887477
886039
884600
881724
883162
878847
875970
873093
871655
870217
867340
864463
865901
868778
873093
874532
877408
880285
875970
878847
877408
881724
883162
871655
870217
867340
864463
863025
860148
858710
861586
857271
854394
852956
851518
850079
848641
847203
852956
854394
857271
855833
845764
844326
842887
841449
840011
835696
834257
837134
838572
832819
828504
827065
819873
814120
808366
809805
812682
811243
806928
805490
804051
802613
801175
796859
798298
799736
795421
793983
791106
789668
788229
786791
785352
783914
782476
778161
775284
770969
768092
765215
766654
769530
763777
760900
759462
758023
756585
755147
752270
749393
747955
750831
753708
746516
743640
742201
740763
737886
736448
735009
733571
730694
729256
726379
724941
722064
720626
717749
716310
711995
709119
707680
710557
713434
716310
717749
720626
722064
724941
726379
729256
732133
727817
723502
719187
714872
711995
709119
707680
710557
713434
714872
719187
706242
704803
703365
700488
696173
694735
693297
691858
687543
690420
688981
686105
683228
680351
677474
681790
684666
687543
691858
690420
688981
686105
683228
680351
676036
677474
673159
671721
668844
667406
665967
663091
661652
664529
658776
655899
653022
651584
654460
657337
660214
664529
661652
663091
665967
667406
668844
671721
673159
670283
677474
676036
680351
678913
674598
670283
681790
684666
687543
693297
694735
696173
697612
699050
703365
700488
704803
706242
701927
699050
697612
696173
694735
693297
678913
674598
665967
663091
661652
664529
667406
668844
670283
665967
663091
661652
664529
667406
668844
671721
670283
665967
663091
661652
664529
667406
668844
671721
673159
670283
665967
663091
661652
664529
667406
668844
671721
673159
670283
665967
663091
661652
664529
667406
668844
671721
673159
670283
665967
663091
661652
664529
667406
668844
671721
670283
665967
663091
661652
664529
667406
668844
665967
663091
661652
664529
667406
658776
655899
653022
651584
654460
657337
660214
650145
648707
653022
655899
658776
660214
657337
654460
651584
650145
653022
655899
658776
660214
657337
654460
651584
653022
655899
658776
660214
657337
654460
651584
653022
655899
658776
660214
657337
654460
651584
653022
655899
658776
660214
657337
654460
651584
650145
653022
655899
658776
660214
657337
654460
651584
648707
650145
653022
655899
658776
660214
657337
654460
651584
647269
645830
644392
648707
650145
645830
647269
648707
650145
653022
655899
658776
660214
657337
654460
651584
647269
645830
641515
642953
644392
648707
650145
653022
655899
658776
660214
657337
654460
651584
647269
645830
641515
642953
644392
648707
650145
653022
651584
647269
645830
641515
642953
644392
648707
640077
638638
637200
632885
631446
634323
635762
630008
627131
624255
625693
628570
621378
619939
618501
617063
615624
614186
612748
611309
609871
608432
604117
599802
602679
605556
609871
611309
612748
614186
615624
617063
618501
619939
621378
624255
625693
628570
630008
627131
631446
632885
634323
635762
637200
638638
640077
635762
634323
631446
632885
637200
638638
640077
622816
622816
621378
619939
624255
625693
628570
630008
627131
635762
634323
631446
632885
637200
638638
640077
641515
663091
665967
667406
664529
661652
644392
642953
640077
638638
637200
641515
609871
605556
602679
599802
596925
594049
591172
588295
583980
585418
589734
586857
591172
594049
596925
599802
601241
604117
598364
595487
592610
588295
583980
582542
581103
579665
578227
576788
573911
575350
576788
578227
579665
581103
582542
583980
588295
591172
586857
589734
592610
595487
598364
585418
572473
571035
569596
568158
565281
566720
568158
569596
571035
572473
573911
578227
576788
575350
573911
562404
558089
560966
559528
555213
552336
556651
558089
553774
550897
548021
543706
542267
540829
539390
537952
536514
532199
533637
530760
535075
536514
537952
539390
540829
542267
546582
549459
545144
543706
536514
535075
533637
530760
529322
527883
526445
523568
522130
520692
517815
516376
513500
510623
509185
504869
503431
506308
507746
512061
514938
519253
514938
512061
507746
506308
503431
501993
500554
499116
497678
496239
494801
493362
491924
490486
489047
487609
486171
481855
483294
484732
486171
487609
489047
490486
491924
483294
481855
480417
476102
474664
471787
470348
467472
463157
460280
457403
461718
464595
467472
470348
473225
477540
478979
474664
476102
471787
468910
466033
473225
477540
478979
480417
484732
493362
494801
